0
1
127
128
255
256
257
258
32767
32768
32769
32770
65534
65535
65536
65537
268435455
268435456
536870912
1073741824
2147483646
2147483647
2147483648
2147483649
4294967294
-129
-128
-1
-32769
-32768
-2147483649
-2147483648
4294967295
4294967296
-9223372036854775809
-9223372036854775808
9223372036854775807
9223372036854775808
18446744073709551615
18446744073709551616
-258
-257
-256
-32770
-65537
-65536
-65535
-2147483647
-4294967297
-4294967296
-4294967295
4294967297
-9223372036854775807
9223372036854775806
9223372036854775809
-18446744073709551617
-18446744073709551616
-18446744073709551615
18446744073709551614
18446744073709551617
-268435456
-536870912
-1073741824
8589934592
-8589934592
17179869184
-17179869184
34359738368
-34359738368
68719476736
-68719476736
137438953472
-137438953472
274877906944
-274877906944
549755813888
-549755813888
1099511627776
-1099511627776
2199023255552
-2199023255552
4398046511104
-4398046511104
8796093022208
-8796093022208
17592186044416
-17592186044416
35184372088832
-35184372088832
70368744177664
-70368744177664
140737488355328
-140737488355328
281474976710656
-281474976710656
562949953421312
-562949953421312
1125899906842624
-1125899906842624
2251799813685248
-2251799813685248
4503599627370496
-4503599627370496
9007199254740992
-9007199254740992
Copy code
18014398509481984
-18014398509481984
36028797018963968
-36028797018963968
72057594037927936
-72057594037927936
144115188075855872
-144115188075855872
288230376151711744
-288230376151711744
576460752303423488
-576460752303423488
1152921504606846976
-1152921504606846976
2305843009213693952
-2305843009213693952
4611686018427387904
-4611686018427387904
36893488147419103232
-36893488147419103232
73786976294838206464
-73786976294838206464
147573952589676412928
-147573952589676412928
295147905179352825856
-295147905179352825856
590295810358705651712
-590295810358705651712
1180591620717411303424
-1180591620717411303424
2361183241434822606848
-2361183241434822606848
4722366482869645213696
-4722366482869645213696
9444732965739290427392
-9444732965739290427392
18889465931478580854784
-18889465931478580854784
37778931862957161709568
-37778931862957161709568
75557863725914323419136
-75557863725914323419136
151115727451828646838272
-151115727451828646838272
302231454903657293676544
-302231454903657293676544
604462909807314587353088
-604462909807314587353088
1208925819614629174706176
-1208925819614629174706176
2417851639229258349412352
-2417851639229258349412352
4835703278458516698824704
-4835703278458516698824704
9671406556917033397649408
-9671406556917033397649408
19342813113834066795298816
-19342813113834066795298816
38685626227668133590597632
-38685626227668133590597632
77371252455336267181195264
-77371252455336267181195264
154742504910672534362390528
-154742504910672534362390528
309485009821345068724781056
-309485009821345068724781056
618970019642690137449562112
-618970019642690137449562112